$ANSIBLE_VAULT;1.1;AES256
37396138353135643863333830653034323831646431336435373865333434396131386666303861
3036646266626663303365613637356132616437376266340a313633333733376432393833303263
34316632356636373636656233303837633437636238613139656433623433313330636634653230
3938663735363066610a623361376636303337396135326565343166616535333463363437653236
31613434373766383963333865646261303465393865636436656137383535306638333066343734
32643764653465393661663666623337363966616430396537306436336138393337613966356364
31363833343361353437383364303538326138393939313430353033646339353661663361363665
35623732316663343737663939363361663433623265356434323138666633636430303531383734
37613935303633653162353138636434383864623534303563323666373465333232383861393966
64626334386463363331313532323465356337626433326230363137393839663430353232666539
38663866643865633165653566613539376138623962373939656134386235343931623638303539
66643232323036643361663466633732376337313031316535333135656532383462613663363539
64303263363763623034663738393331363831613663666366303031653635393732666138336562
64313537353732363932626564373937613432653835313061663330383765643065633738663932
64643434643135343335376635386435326237326332636531666234303836623035333935613237
66386236643030316235333832316361393333666132323736663161666136653534363638643162
35373066653836663333313338373764386162386337623234663731363962373434646636303338
38326563383266363537383864393061666632623330613964616133393537336461353633623462
66393433373937613135373030626337393131306664343932613261343536613265373735336266
35393233626338636665306666633934343665373865373336663264393032383235666364303262
64333535356232393431326463333035623034313631313063306665643664643865343561613932
63373337316635636564363136386534353362643863343139386634666234643031353863643132
65383438646537643439346637623835663734363263393031346461343733613133376437343766
65653935666332383334656338383736663130393531366331386532626235663933313436396539
61376361386330663337396132316661343961363431643062663639646330623933343866353966
66356565383337616463653965613139616436396231333666303638383466373031313961373139
37353534376337326566353961393539623937336631333533316137613766633662373432383361
36333335623933333866363531396137333361653162313035323631656239363537616532386234
35623930616465353664353734653630353466323461643966363030626138316238383738633833
32303430313463383764663065666331316632303366313436656661623261376534616335333462
65656363386564306632373936356336306138633930653035643030633262303633363134666662
31333538313332376462613765316664306663626537656333323961303037663961623130646363
32613366613863353236666565646166376335306662346138303134336533626432323331343761
31623330313431396138376465376565633866356536643062303933343233393138323232393830
37333938383162616330373762343863356330616534636539613830623336613633646162333230
34656266363335653461386438626437323563633537363435376430633964343937323866373862
61373862663234663637333766643132333062643232303863653165313335636266386661313039
64653739663730623563376638626161396232353337666330646563646466303366376434323534
33346432646164393737623861396531326536663064366563336433626138323439303139306535
31386662323362613637333331643036343736613030333533656665323363663766626666623866
66386635313938366363306136633032383030396633313865383862323366393633663638646163
33343431313565623365356630616237653839306534633964366334393962666432376130303763
30333234306666643637663933383534366565333863366461313130386162333037633831353535
31323537613863613538366231383362643561326530643537333162326637663034616535386563
38386264393830656162316562343262343066323635363862343632326362383738313632326236
36616530633665333433646334613566323366343130353636396464393138306435626539316337
39613232323932363036623866623537353066393739663430383134306566663063306139373862
63363436613335383633323934376339353437316133343065616666396638333233386631633530
36643733326366343162313031663963623231666632633861323536633432636661303439646437
65383562333966383266663761313764393439623762666462626330363830313538616138303036
62303335396561393835306163313762616165643134353838633231633137303462636530336535
33313635346639323336373139393536363961373335333836653439663463663234633130323665
36323764396636376232303836396339323866303339363634376563386562356336303233373463
31383864383830333464336132656132386634306666353865356566353662336662306464636633
39366365333432343566393330313335353266363366303032303765323134306264653235363933
36613039313235323266623430653866396563333039643838646661643461663165323430323066
61353365336231396264383334653536656331663666303037623365623162373331373132313162
63336164313262326365326235623038323366306265616463346432393835343363633732353337
39333239373430343134333733326530663266653336343163633039646636626261356365336562
36636561343135343465626363363435616139356638323739326564376331383863303430616533
31633166356466656164316338303832313666326637636636326361643636653231643535346234
35396132373063626236313430346234373434333132663338393766653734346665313865336464
64383736383831623262663266336338613265663033343565353666383832623961633339333332
36326163653663623839626661396562616166373366393232313532313939376165613164646137
31616238373165343132306332653333643663363135623636633831646435643165333165376637
31366536643235323330366139666530303037636430383432383263623933653636653434663462
65346530333433333635633933356634383238626561626164353138313930306161666363373434
36396239346536653865373634303437383964333066663539656133626136363362373136373230
66353033646238623630313164643865336133373737626338653562383365626661663333326662
34613530336365363364383831376238303538633139316534363136373534653066633732643961
61306430323138386232353834383737366334343262383333393462373232333861626232333934
66636465653934373333616231353637393732636334316235346433373761386263383835333632
64613266613933316231303036393239653964353839623461303063313938633531383332336637
61383333623332343739613765336665343666306438626132393337383935326462313363636136
39383431633733353232303639323639636233333734336534623138333261376661656132656266
36656364346637653765366439653936623864303938396234396535613331363161306531386139
63386561383635653836663635666538306639336233313935323435383566386364326234313137
32313763636238363438396232313639623831386662636563653038616664613436333238356530
32303538336334333964363238373930313263643134643638346434303937373534373530333238
31343636633536343030653235336231363633353633316432383332396434303266636266386330
63663964333131376264646262326662393635346564326462313033363832633362333330386633
32386536356538383435383333353666363364343866383766323736303830656430363336613066
32616261346634663332386466383866653834636536663432613037336636373664383536373565
33343731333930353130653765386435646138336433623463643736396437356530336565656232
62633030636535663734376166636331373663363461323566653139646336366463326261346264
37653839633664613638383263313135333963623037633963623866383833623033313036376234
65366233303661613834636164346334336336666461613132343763653865653239646365653531
63623461636537313136616533353663656238666632346363343662323135303936633435333835
39313935333265363733653039383063366330313564663632303366373462333464626639383661
30656335636333316662336237623831646232386637616639313333393434323163353837396538
62336261373837356637643432306237633133333164313762373930633835616631346465373034
33623163333061633334396134376565366566636130633963656230653434643135313137643031
37636664643035326532393466656430333736643064343763343965613163633537356134376232
63313963663561653864393161653739646464316237633761333262363537356236656462373537
38333061353638333866663164393736306563616233353461653135616539303539393363356332
38303135663035373964363332353136386166366130333662393837336566333837336466333935
39656632363936376332636637663833633538633033393835323031636536636432663334656130
64313732616537626334303037316564623565653730643731616630383264386366373037626661
30386134353062643362313836353530346335313566663430633366343333626434373935343262
36303638666238663061626136656563383764313131336263353438356334363336643262306137
64326561353430653261633438393037346566333766633139393362306130626436326264353433
31343264376136336261646463323632323264343963626539623336623039373031386365396164
61653961643566353865616362343737633036383761343961613538656133343435633537386433
33336431613862303238303261356639323434373262316665343963333838663364313565646565
36663831316661316134393565616633643262386638346534656663386632623035623962303334
39623839663165376133633361356630363637353764623030373461303764343132363765653631
39366237396339376330366330386437316239323539643931666262336462663139383030623430
37366436396366633830396636653234346366653864323030336235323962313162613330636638
31386265663334343637393363326233316364323934383265613131396333613966363232646165
36636230353464356438303637383263343036396163643563643734663830306532356636333039
33613533323561303461393734346365343235633337326538363361616362326266343837656262
63623062393031626233366333613366646266613431303166653935383561333639336534313464
31386565666364633634353836663162616666646166616136303739613463636564383061336437
36353030346136643063623839336663386364363937303533613236633465386166333865383161
32346164326263643930313963306534613539356534366330663337346263333061316137336164
34313566316561666361613037343263396532653732663736363834646631353562323832663433
61373765643361653038633134366135616632396334303933653538396236636566346133393839
37643836316535373162633034633232653961633536663833303538373737633931316536396434
38343865336437326532643633356630666436376635323235303564613837356262613837323962
64666665366463616663396566303734623134613565646535356230366666663230386238323063
34656131343030343063616566626663343535316261366231363939356333393737323733326664
61386432653731643133313066636662316230616338636439363634663464656232353761396532
35663561343832613235383038326136666438616365663934613836636431396131353332613363
30396237356364386463623738623033353666343038363732636531636635396233343961333033
33373261333233386465363637363738643531366538383135343932396265653065393834336663
33386234633838303862366233386534636331353339613936663635643666653735616164623336
63326163343539333730303962653837373962396632653737373933666337616337356138643633
65376638336531336339343462323563323038313765333464646263383033373532373931656132
35643163653134326135366461646534313930323932303239653334346662343430633265393430
30623063653563666338356665643933373264376638653238626231363832306565653438613036
66653761396561326534313961306566616534373934663665323239333939643532383433343162
36396661616665393364613465303963346230373865303339653030626365656231303534366165
61396163626365646461323166386338326362636430343437623163346662323564
